1.25e-07 0.156558 400000  1200
1.51515e-07 0.156527 400243  1200.75
1.7803e-07 0.156491 400443  1201.53
2.04545e-07 0.15645 400538  1202.23
2.31061e-07 0.156406 400486  1202.79
2.57576e-07 0.156359 400254  1203.16
2.84091e-07 0.156307 400098  1203.3
3.10606e-07 0.156253 400132  1203.2
3.37121e-07 0.156196 400167  1202.85
3.63636e-07 0.156136 400203  1202.23
3.90152e-07 0.156073 400238  1201.36
4.16667e-07 0.156007 400270  1200.86
4.43182e-07 0.15594 400297  1200.98
4.69697e-07 0.15587 400319  1201.08
4.96212e-07 0.155798 400333  1201.15
5.22727e-07 0.155724 400336  1201.2
5.49242e-07 0.155648 400354  1201.25
5.75758e-07 0.155571 400384  1201.28
6.02273e-07 0.155491 400394  1201.31
6.28788e-07 0.155411 400369  1201.31
6.55303e-07 0.155329 400369  1201.36
6.81818e-07 0.155246 400375  1201.4
7.08333e-07 0.155161 400410  1201.41
7.34848e-07 0.155075 400453  1201.4
7.61364e-07 0.154989 400495  1201.35
7.87879e-07 0.154901 400537  1201.28
8.14394e-07 0.154812 400576  1201.22
8.40909e-07 0.154723 400612  1201.13
8.67424e-07 0.154633 400644  1201.09
8.93939e-07 0.154542 400670  1201.04
9.20455e-07 0.15445 400690  1200.98
9.4697e-07 0.154359 400701  1200.95
9.73485e-07 0.154266 400704  1200.99
1e-06 0.154173 400698  1201.04
1.02632e-06 0.154081 400697  1201.07
1.05263e-06 0.153988 400733  1201.09
1.07895e-06 0.153895 400764  1201.11
1.10526e-06 0.153801 400790  1201.1
1.13158e-06 0.153708 400809  1201.08
1.15789e-06 0.153614 400822  1201.05
1.18421e-06 0.15352 400830  1200.99
1.21053e-06 0.153426 400874  1200.96
1.23684e-06 0.153333 400915  1200.97
1.26316e-06 0.153239 400952  1200.98
1.28947e-06 0.153145 400984  1200.96
1.31579e-06 0.153051 401009  1200.96
1.34211e-06 0.152958 401028  1201
1.36842e-06 0.152864 401037  1201.02
1.39474e-06 0.152771 401037  1201.04
1.42105e-06 0.152678 401032  1201.05
1.44737e-06 0.152585 401017  1201.05
1.47368e-06 0.152492 401015  1201.04
1.5e-06 0.1524 401020  1201.02
1.52632e-06 0.152308 401050  1200.99
1.55263e-06 0.152216 401083  1200.99
1.57895e-06 0.152124 403659  1201
1.60526e-06 0.152033 406014  1201.02
1.63158e-06 0.151942 408114  1201.02
1.65789e-06 0.151852 409937  1201.04
1.68421e-06 0.151761 411468  1201.04
1.71053e-06 0.151671 412700  1201.03
1.73684e-06 0.151582 413629  1201.01
1.76316e-06 0.151492 414262  1200.98
1.78947e-06 0.151403 414607  1200.93
1.81579e-06 0.151315 414687  1200.86
1.84211e-06 0.151227 414534  1200.79
1.86842e-06 0.151139 414192  1200.82
1.89474e-06 0.151052 413709  1200.85
1.92105e-06 0.150965 413173  1200.88
1.94737e-06 0.150878 412662  1200.91
1.97368e-06 0.150792 412124  1200.93
2e-06 0.150706 412258  1200.96
2.02632e-06 0.150621 412221  1200.98
2.05263e-06 0.150536 411891  1201.03
2.07895e-06 0.150452 411278  1201.07
2.10526e-06 0.150368 410396  1201.12
2.13158e-06 0.150284 409253  1201.17
2.15789e-06 0.150201 407862  1201.22
2.18421e-06 0.150119 406235  1201.26
2.21053e-06 0.150036 415763  1201.3
2.23684e-06 0.149955 425405  1201.33
2.26316e-06 0.149873 434762  1201.37
2.28947e-06 0.149792 443800  1201.41
2.31579e-06 0.149712 452476  1201.44
2.34211e-06 0.149632 460712  1201.48
2.36842e-06 0.149553 468493  1201.52
2.39474e-06 0.149474 475804  1201.57
2.42105e-06 0.149395 482631  1201.61
2.44737e-06 0.149317 488964  1201.65
2.47368e-06 0.149239 494795  1201.7
2.5e-06 0.149162 500140  1201.75
2.52632e-06 0.149085 505000  1201.79
2.55263e-06 0.149008 509366  1201.83
2.57895e-06 0.148933 513240  1201.87
2.60526e-06 0.148857 516628  1201.9
2.63158e-06 0.148782 519537  1201.93
2.65789e-06 0.148707 521974  1201.95
2.68421e-06 0.148633 523949  1201.96
2.71053e-06 0.148559 525474  1201.95
2.73684e-06 0.148486 526560  1201.92
2.76316e-06 0.148413 527168  1201.88
2.78947e-06 0.148341 527297  1201.81
2.81579e-06 0.148269 527007  1201.72
2.84211e-06 0.148197 526330  1201.59
2.86842e-06 0.148126 525245  1201.42
2.89474e-06 0.148055 523883  1201.2
2.92105e-06 0.147985 522262  1200.91
2.94737e-06 0.147916 520398  1200.56
2.97368e-06 0.147846 518300  1200.38
3e-06 0.147778 515971  1200.37
3.02632e-06 0.14771 513392  1200.38
3.05263e-06 0.147642 510565  1200.39
3.07895e-06 0.147575 507531  1200.4
3.10526e-06 0.147508 504302  1200.41
3.13158e-06 0.147442 500890  1200.41
3.15789e-06 0.147376 497305  1200.42
3.18421e-06 0.147311 493556  1200.42
3.21053e-06 0.147247 489653  1200.42
3.23684e-06 0.147183 485613  1200.41
3.26316e-06 0.147119 481448  1200.4
3.28947e-06 0.147056 477173  1200.39
3.31579e-06 0.146994 472750  1200.37
3.34211e-06 0.146932 468148  1200.35
3.36842e-06 0.146871 463437  1200.32
3.39474e-06 0.146811 458663  1200.29
3.42105e-06 0.14675 453861  1200.26
3.44737e-06 0.146691 450028  1200.26
3.47368e-06 0.146632 446115  1200.25
3.5e-06 0.146574 442086  1200.24
3.52632e-06 0.146516 437971  1200.23
3.55263e-06 0.146459 433791  1200.21
3.57895e-06 0.146402 429565  1200.19
3.60526e-06 0.146346 425305  1200.16
3.63158e-06 0.146291 422645  1200.12
3.65789e-06 0.146236 420214  1200.08
3.68421e-06 0.146181 417674  1200.04
3.71053e-06 0.146128 416538  1200.01
3.73684e-06 0.146075 416563  1199.98
3.76316e-06 0.146022 416370  1199.94
3.78947e-06 0.14597 415983  1199.9
3.81579e-06 0.145919 415403  1199.86
3.84211e-06 0.145868 414558  1199.8
3.86842e-06 0.145818 413328  1199.74
3.89474e-06 0.145768 411853  1199.68
3.92105e-06 0.145719 410154  1199.6
3.94737e-06 0.145671 408251  1199.51
3.97368e-06 0.145623 406782  1199.42
4e-06 0.145576 406963  1199.31
4.02632e-06 0.145529 406874  1199.18
4.05263e-06 0.145483 406504  1199.04
4.07895e-06 0.145437 405851  1198.88
4.10526e-06 0.145392 404935  1198.71
4.13158e-06 0.145347 403760  1198.51
4.15789e-06 0.145303 402335  1198.3
4.18421e-06 0.145259 400668  1198.05
4.21053e-06 0.145216 398794  1197.79
4.23684e-06 0.145173 397196  1197.49
4.26316e-06 0.145131 404713  1197.17
4.28947e-06 0.14509 413724  1196.82
4.31579e-06 0.145048 422652  1196.43
4.34211e-06 0.145008 431489  1196.02
4.36842e-06 0.144967 440223  1195.56
4.39474e-06 0.144927 448845  1195.08
4.42105e-06 0.144888 457345  1194.55
4.44737e-06 0.144849 465713  1193.98
4.47368e-06 0.14481 473939  1193.38
4.5e-06 0.144772 482013  1192.73
4.52632e-06 0.144735 489927  1192.05
4.55263e-06 0.144697 497672  1191.32
4.57895e-06 0.144661 505239  1190.54
4.60526e-06 0.144624 512622  1189.73
4.63158e-06 0.144588 519813  1188.86
4.65789e-06 0.144553 526804  1187.95
4.68421e-06 0.144518 533588  1187
4.71053e-06 0.144483 540161  1186
4.73684e-06 0.144448 546514  1184.95
4.76316e-06 0.144415 552643  1183.85
4.78947e-06 0.144381 558543  1182.71
4.81579e-06 0.144348 564210  1181.52
4.84211e-06 0.144315 569639  1180.28
4.86842e-06 0.144283 574827  1178.99
4.89474e-06 0.144251 579770  1177.66
4.92105e-06 0.144219 584459  1176.28
4.94737e-06 0.144188 588876  1174.86
4.97368e-06 0.144157 592966  1173.38
5e-06 0.144126 596772  1171.86
5.02632e-06 0.144096 601485  1170.3
5.05263e-06 0.144066 606021  1168.69
5.07895e-06 0.144037 611225  1167.04
5.10526e-06 0.144008 616555  1165.34
5.13158e-06 0.143979 621614  1163.6
5.15789e-06 0.14395 626345  1161.82
5.18421e-06 0.143922 630869  1160
5.21053e-06 0.143894 635176  1158.13
5.23684e-06 0.143867 639245  1156.23
5.26316e-06 0.14384 643050  1154.29
5.28947e-06 0.143813 646567  1152.31
5.31579e-06 0.143787 649768  1150.29
5.34211e-06 0.14376 652932  1148.24
5.36842e-06 0.143735 657100  1146.15
5.39474e-06 0.143709 660932  1144.02
5.42105e-06 0.143684 664397  1141.87
5.44737e-06 0.143659 667464  1139.67
5.47368e-06 0.143634 670105  1137.45
5.5e-06 0.14361 672287  1135.2
5.52632e-06 0.143586 673977  1132.91
5.55263e-06 0.143562 675189  1130.59
5.57895e-06 0.143538 675970  1128.25
5.60526e-06 0.143515 676315  1125.87
5.63158e-06 0.143492 676222  1123.47
5.65789e-06 0.14347 676129  1121.03
5.68421e-06 0.143447 677556  1118.57
5.71053e-06 0.143425 678459  1116.09
5.73684e-06 0.143403 678820  1113.58
5.76316e-06 0.143382 678703  1111.04
5.78947e-06 0.14336 678142  1108.48
5.81579e-06 0.143339 677147  1105.89
5.84211e-06 0.143319 675725  1103.28
5.86842e-06 0.143298 673895  1100.65
5.89474e-06 0.143278 673386  1097.99
5.92105e-06 0.143258 674338  1095.31
5.94737e-06 0.143238 674717  1092.61
5.97368e-06 0.143219 674513  1089.89
6e-06 0.143199 673721  1087.15
6.02632e-06 0.14318 672431  1084.39
6.05263e-06 0.143162 670707  1081.61
6.07895e-06 0.143143 668564  1078.8
6.10526e-06 0.143125 666017  1075.98
6.13158e-06 0.143107 663083  1073.14
6.15789e-06 0.143089 661341  1070.28
6.18421e-06 0.143072 662275  1067.41
6.21053e-06 0.143054 662625  1064.51
6.23684e-06 0.143037 662407  1061.6
6.26316e-06 0.143021 661629  1058.67
6.28947e-06 0.143004 660286  1055.72
6.31579e-06 0.142988 658489  1052.75
6.34211e-06 0.142972 656257  1049.77
6.36842e-06 0.142956 653610  1046.77
6.39474e-06 0.14294 650566  1043.76
6.42105e-06 0.142925 647149  1040.73
6.44737e-06 0.14291 643379  1037.68
6.47368e-06 0.142895 639279  1034.62
6.5e-06 0.142881 634870  1031.54
6.52632e-06 0.142866 633024  1028.45
6.55263e-06 0.142852 631568  1025.34
6.57895e-06 0.142838 629657  1022.21
6.60526e-06 0.142824 627343  1019.07
6.63158e-06 0.142811 624636  1015.92
6.65789e-06 0.142798 621549  1012.75
6.68421e-06 0.142785 618098  1009.56
6.71053e-06 0.142772 614298  1006.37
6.73684e-06 0.14276 610793  1003.15
6.76316e-06 0.142747 610140  999.927
6.78947e-06 0.142735 609028  996.686
6.81579e-06 0.142723 607510  993.431
6.84211e-06 0.142712 605603  992.972
6.86842e-06 0.142701 603322  992.71
6.89474e-06 0.142689 600685  992.548
6.92105e-06 0.142679 597709  992.909
6.94737e-06 0.142668 595170  993.214
6.97368e-06 0.142658 592320  993.456
7e-06 0.142647 591473  993.632
7.02632e-06 0.142638 592194  993.742
7.05263e-06 0.142628 592432  993.783
7.07895e-06 0.142618 592169  993.755
7.10526e-06 0.142609 591455  993.659
7.13158e-06 0.1426 590328  993.495
7.15789e-06 0.142592 588803  993.262
7.18421e-06 0.142583 586895  992.961
7.21053e-06 0.142575 584620  992.591
7.23684e-06 0.142567 581997  992.156
7.26316e-06 0.14256 579043  991.656
7.28947e-06 0.142552 575777  991.095
7.31579e-06 0.142545 572217  990.462
7.34211e-06 0.142538 568376  989.755
7.36842e-06 0.142531 564269  988.972
7.39474e-06 0.142525 559912  988.115
7.42105e-06 0.142519 557664  987.185
7.44737e-06 0.142513 557303  986.185
7.47368e-06 0.142508 556588  985.118
7.5e-06 0.142502 555498  985.402
7.52632e-06 0.142497 554039  985.974
7.55263e-06 0.142492 552224  986.487
7.57895e-06 0.142488 550069  986.941
7.60526e-06 0.142484 547591  987.334
7.63158e-06 0.14248 544805  987.667
7.65789e-06 0.142476 541724  987.945
7.68421e-06 0.142472 538361  988.173
7.71053e-06 0.142469 534733  988.348
7.73684e-06 0.142466 530854  988.471
7.76316e-06 0.142464 526737  988.54
7.78947e-06 0.142461 525181  988.558
7.81579e-06 0.142459 524811  988.522
7.84211e-06 0.142457 524187  988.435
7.86842e-06 0.142456 523228  988.295
7.89474e-06 0.142455 521908  988.104
7.92105e-06 0.142454 520236  987.863
7.94737e-06 0.142453 518230  987.572
7.97368e-06 0.142452 515906  987.235
8e-06 0.142452 513282  986.85
8.02632e-06 0.142452 510374  986.421
8.05263e-06 0.142453 507199  985.948
8.07895e-06 0.142453 503774  985.433
8.10526e-06 0.142454 500117  984.878
8.13158e-06 0.142455 496246  984.284
8.15789e-06 0.142457 492180  983.652
8.18421e-06 0.142458 487930  982.983
8.21053e-06 0.14246 486091  982.278
8.23684e-06 0.142462 485215  981.757
8.26316e-06 0.142465 484048  981.219
8.28947e-06 0.142468 482626  980.651
8.31579e-06 0.142471 480924  980.053
8.34211e-06 0.142474 478903  979.516
8.36842e-06 0.142478 476594  979.279
8.39474e-06 0.142481 474024  980.198
8.42105e-06 0.142485 471217  981.032
8.44737e-06 0.14249 469418  981.784
8.47368e-06 0.142494 471781  982.456
8.5e-06 0.142499 473823  983.051
8.52632e-06 0.142504 475504  983.571
8.55263e-06 0.14251 476832  984.019
8.57895e-06 0.142515 483025  984.399
8.60526e-06 0.142521 490561  984.713
8.63158e-06 0.142527 497585  984.965
8.65789e-06 0.142533 504054  985.157
8.68421e-06 0.14254 509941  985.291
8.71053e-06 0.142547 515226  985.37
8.73684e-06 0.142554 519901  985.395
8.76316e-06 0.142561 523959  985.557
8.78947e-06 0.142568 527398  985.684
8.81579e-06 0.142576 530226  985.758
8.84211e-06 0.142584 532458  985.782
8.86842e-06 0.142592 534115  985.755
8.89474e-06 0.1426 535216  985.68
8.92105e-06 0.142609 535780  985.558
8.94737e-06 0.142618 535827  985.391
8.97368e-06 0.142626 535371  985.18
9e-06 0.142635 534424  984.946
9.02632e-06 0.142645 532992  984.839
9.05263e-06 0.142654 531033  984.706
9.07895e-06 0.142664 528617  984.548
9.10526e-06 0.142674 525704  985.424
9.13158e-06 0.142684 522242  988.985
9.15789e-06 0.142694 518140  992.534
9.18421e-06 0.142704 513587  996.061
9.21053e-06 0.142715 508697  999.55
9.23684e-06 0.142725 502737  1003
9.26316e-06 0.142736 496442  1006.41
9.28947e-06 0.142747 489925  1009.78
9.31579e-06 0.142758 483209  1013.08
9.34211e-06 0.142769 476281  1016.33
9.36842e-06 0.142781 474432  1019.51
9.39474e-06 0.142792 473096  1022.59
9.42105e-06 0.142804 471497  1025.58
9.44737e-06 0.142816 469643  1028.47
9.47368e-06 0.142828 467555  1031.23
9.5e-06 0.14284 465214  1033.84
9.52632e-06 0.142852 462622  1036.3
9.55263e-06 0.142864 459651  1038.63
9.57895e-06 0.142876 456371  1040.81
9.60526e-06 0.142889 452880  1042.85
9.63158e-06 0.142901 449209  1044.75
9.65789e-06 0.142914 445370  1046.51
9.68421e-06 0.142927 441387  1048.13
9.71053e-06 0.142939 437291  1049.61
9.73684e-06 0.142952 433092  1050.95
9.76316e-06 0.142965 428785  1052.15
9.78947e-06 0.142978 424289  1053.22
9.81579e-06 0.142991 419607  1054.16
9.84211e-06 0.143004 414840  1054.97
9.86842e-06 0.143017 410024  1055.66
9.89474e-06 0.143031 405281  1056.22
9.92105e-06 0.143044 405901  1056.67
9.94737e-06 0.143057 406389  1057.01
9.97368e-06 0.14307 406766  1057.24
1e-05 0.143084 407034  1057.36
1.00263e-05 0.143097 407191  1057.37
1.00526e-05 0.14311 407239  1057.29
1.00789e-05 0.143124 407180  1057.11
1.01053e-05 0.143137 407014  1056.84
1.01316e-05 0.143151 406747  1056.48
1.01579e-05 0.143164 406386  1056.05
1.01842e-05 0.143177 405930  1055.56
1.02105e-05 0.143191 405379  1055
1.02368e-05 0.143204 404727  1054.37
1.02632e-05 0.143218 403969  1053.67
1.02895e-05 0.143231 403091  1052.92
1.03158e-05 0.143244 402124  1052.1
1.03421e-05 0.143257 401071  1051.38
1.03684e-05 0.143271 399933  1051.03
1.03947e-05 0.143284 398694  1050.63
1.04211e-05 0.143297 397372  1050.19
1.04474e-05 0.14331 395974  1049.69
1.04737e-05 0.143323 394509  1049.15
1.05e-05 0.143336 392982  1048.56
1.05263e-05 0.143349 391397  1047.93
1.05526e-05 0.143362 389760  1047.26
1.05789e-05 0.143375 388073  1046.55
1.06053e-05 0.143387 389131  1045.85
1.06316e-05 0.1434 392722  1045.12
1.06579e-05 0.143413 396322  1044.37
1.06842e-05 0.143425 399928  1043.58
1.07105e-05 0.143437 403536  1042.82
1.07368e-05 0.14345 407141  1042.19
1.07632e-05 0.143462 410741  1041.51
1.07895e-05 0.143474 414334  1040.8
1.08158e-05 0.143486 417923  1040.04
1.08421e-05 0.143498 421504  1039.25
1.08684e-05 0.143509 425071  1038.41
1.08947e-05 0.143521 428616  1037.57
1.09211e-05 0.143532 432134  1036.69
1.09474e-05 0.143544 435618  1035.77
1.09737e-05 0.143555 439061  1034.81
1.1e-05 0.143566 442457  1033.8
1.10263e-05 0.143577 445800  1032.75
1.10526e-05 0.143588 449085  1031.66
1.10789e-05 0.143598 452309  1030.52
1.11053e-05 0.143609 455471  1029.32
1.11316e-05 0.143619 458566  1028.07
1.11579e-05 0.143629 461591  1027.17
1.11842e-05 0.14364 464541  1026.55
1.12105e-05 0.14365 467413  1025.85
1.12368e-05 0.143659 470204  1025.07
1.12632e-05 0.143669 472909  1024.21
1.12895e-05 0.143678 475525  1023.28
1.13158e-05 0.143688 478048  1022.28
1.13421e-05 0.143697 480477  1021.21
1.13684e-05 0.143706 482807  1020.06
1.13947e-05 0.143715 485037  1018.88
1.14211e-05 0.143723 487164  1017.67
1.14474e-05 0.143732 489186  1016.41
1.14737e-05 0.14374 491101  1015.08
1.15e-05 0.143749 492907  1013.7
1.15263e-05 0.143757 494601  1012.26
1.15526e-05 0.143764 496182  1011.02
1.15789e-05 0.143772 497644  1010.42
1.16053e-05 0.14378 498986  1009.76
1.16316e-05 0.143787 500205  1009.06
1.16579e-05 0.143794 501299  1008.32
1.16842e-05 0.143801 502264  1007.53
1.17105e-05 0.143808 503095  1006.69
1.17368e-05 0.143815 503788  1005.8
1.17632e-05 0.143822 504344  1004.85
1.17895e-05 0.143828 504760  1003.9
1.18158e-05 0.143834 505037  1003.1
1.18421e-05 0.14384 505174  1002.26
1.18684e-05 0.143846 505172  1001.36
1.18947e-05 0.143852 505030  1000.42
1.19211e-05 0.143858 504750  999.411
1.19474e-05 0.143863 504331  998.35
1.19737e-05 0.143868 503778  997.231
1.2e-05 0.143874 503124  996.756
1.20263e-05 0.143879 502370  999.045
1.20526e-05 0.143883 501518  1001.33
1.20789e-05 0.143888 500572  1003.64
1.21053e-05 0.143893 499533  1006
1.21316e-05 0.143897 498409  1008.38
1.21579e-05 0.143901 497206  1010.78
1.21842e-05 0.143905 495927  1013.2
1.22105e-05 0.143909 494575  1015.62
1.22368e-05 0.143913 493152  1018.03
1.22632e-05 0.143917 491661  1020.44
1.22895e-05 0.14392 490104  1022.82
1.23158e-05 0.143924 488484  1025.18
1.23421e-05 0.143927 486816  1027.49
1.23684e-05 0.14393 485113  1029.76
1.23947e-05 0.143933 483376  1031.97
1.24211e-05 0.143936 481607  1034.12
1.24474e-05 0.143939 480540  1036.21
1.24737e-05 0.143941 481826  1038.24
1.25e-05 0.143944 483027  1040.2
1.25263e-05 0.143946 484141  1042.09
1.25526e-05 0.143948 485164  1043.92
1.25789e-05 0.14395 486092  1045.68
1.26053e-05 0.143952 486918  1047.37
1.26316e-05 0.143954 487634  1048.98
1.26579e-05 0.143956 488228  1050.51
1.26842e-05 0.143957 488702  1051.96
1.27105e-05 0.143959 489091  1053.34
1.27368e-05 0.14396 489394  1054.63
1.27632e-05 0.143961 489614  1055.92
1.27895e-05 0.143962 489750  1057.5
1.28158e-05 0.143963 489805  1059.26
1.28421e-05 0.143964 489780  1060.97
1.28684e-05 0.143965 489674  1062.62
1.28947e-05 0.143965 489491  1064.21
1.29211e-05 0.143966 489232  1065.74
1.29474e-05 0.143966 488900  1067.21
1.29737e-05 0.143967 488496  1068.62
1.3e-05 0.143967 488022  1069.96
1.30263e-05 0.143967 487477  1071.25
1.30526e-05 0.143967 486863  1072.47
1.30789e-05 0.143967 486180  1073.63
1.31053e-05 0.143966 485431  1074.72
1.31316e-05 0.143966 484615  1075.76
1.31579e-05 0.143966 483734  1076.73
1.31842e-05 0.143965 482790  1077.64
1.32105e-05 0.143965 481784  1078.49
1.32368e-05 0.143964 480717  1079.28
1.32632e-05 0.143963 479591  1080
1.32895e-05 0.143962 478408  1080.66
1.33158e-05 0.143961 477169  1081.25
1.33421e-05 0.14396 476430  1081.77
1.33684e-05 0.143959 475828  1082.23
1.33947e-05 0.143958 475164  1082.61
1.34211e-05 0.143957 474440  1082.92
1.34474e-05 0.143956 473657  1083.16
1.34737e-05 0.143954 472816  1083.32
1.35e-05 0.143953 471920  1083.41
1.35263e-05 0.143952 470972  1083.43
1.35526e-05 0.14395 469972  1083.38
1.35789e-05 0.143948 468922  1083.25
1.36053e-05 0.143947 467826  1083.05
1.36316e-05 0.143945 466685  1082.78
1.36579e-05 0.143943 465493  1082.44
1.36842e-05 0.143942 464253  1082.03
1.37105e-05 0.14394 462965  1081.55
1.37368e-05 0.143938 461634  1081
1.37632e-05 0.143936 460619  1080.38
1.37895e-05 0.143934 460900  1079.7
1.38158e-05 0.143933 461112  1078.95
1.38421e-05 0.143931 461254  1078.13
1.38684e-05 0.143929 461326  1077.23
1.38947e-05 0.143927 461327  1076.26
1.39211e-05 0.143925 461258  1075.25
1.39474e-05 0.143923 461119  1074.21
1.39737e-05 0.143921 460911  1073.15
1.4e-05 0.143919 460634  1072.07
1.40263e-05 0.143917 460288  1070.95
1.40526e-05 0.143915 459874  1069.82
1.40789e-05 0.143913 459393  1068.59
1.41053e-05 0.143912 458845  1067.31
1.41316e-05 0.14391 458231  1065.99
1.41579e-05 0.143908 457552  1064.65
1.41842e-05 0.143906 456808  1063.31
1.42105e-05 0.143904 456002  1061.96
1.42368e-05 0.143903 455133  1060.6
1.42632e-05 0.143901 454203  1059.26
1.42895e-05 0.143899 453213  1057.92
1.43158e-05 0.143898 452164  1056.58
1.43421e-05 0.143896 451056  1055.26
1.43684e-05 0.143895 449891  1053.95
1.43947e-05 0.143894 453996  1052.66
1.44211e-05 0.143892 459192  1051.38
1.44474e-05 0.143891 464244  1050.12
1.44737e-05 0.14389 469156  1048.87
1.45e-05 0.143889 473929  1047.64
1.45263e-05 0.143888 478551  1046.43
1.45526e-05 0.143887 483015  1045.23
1.45789e-05 0.143886 487312  1044.05
1.46053e-05 0.143886 491436  1042.89
1.46316e-05 0.143885 495382  1041.75
1.46579e-05 0.143884 499145  1040.63
1.46842e-05 0.143884 502724  1039.52
1.47105e-05 0.143884 506116  1038.43
1.47368e-05 0.143884 509320  1037.36
1.47632e-05 0.143883 512331  1036.3
1.47895e-05 0.143884 515148  1035.26
1.48158e-05 0.143884 517760  1034.24
1.48421e-05 0.143884 520127  1033.23
1.48684e-05 0.143884 522303  1032.23
1.48947e-05 0.143885 524280  1031.24
1.49211e-05 0.143886 526033  1030.26
1.49474e-05 0.143886 527568  1029.31
1.49737e-05 0.143887 528883  1028.4
1.5e-05 0.143888 529983  1027.5
1.50263e-05 0.14389 530870  1026.62
1.50526e-05 0.143891 531549  1025.75
1.50789e-05 0.143893 532020  1024.88
1.51053e-05 0.143894 532284  1024
1.51316e-05 0.143896 532341  1023.13
1.51579e-05 0.143898 532197  1022.25
1.51842e-05 0.1439 531888  1021.36
1.52105e-05 0.143902 531401  1020.46
1.52368e-05 0.143905 530736  1019.55
1.52632e-05 0.143907 529892  1018.62
1.52895e-05 0.14391 528872  1017.68
1.53158e-05 0.143913 527677  1016.73
1.53421e-05 0.143916 526307  1015.76
1.53684e-05 0.143919 524765  1014.77
1.53947e-05 0.143922 523031  1013.75
1.54211e-05 0.143926 521107  1012.69
1.54474e-05 0.143929 518995  1011.61
1.54737e-05 0.143933 516703  1010.49
1.55e-05 0.143937 514861  1009.35
1.55263e-05 0.143941 518571  1008.18
1.55526e-05 0.143946 522075  1006.97
1.55789e-05 0.14395 525450  1005.75
1.56053e-05 0.143955 528727  1004.49
1.56316e-05 0.14396 531890  1003.21
1.56579e-05 0.143964 534919  1001.91
1.56842e-05 0.14397 537700  1000.58
1.57105e-05 0.143975 540244  999.239
1.57368e-05 0.14398 542556  997.873
1.57632e-05 0.143986 544646  996.489
1.57895e-05 0.143992 546525  995.087
1.58158e-05 0.143998 548201  993.669
1.58421e-05 0.144004 549672  992.235
1.58684e-05 0.14401 550935  990.785
1.58947e-05 0.144016 551988  989.315
1.59211e-05 0.144023 552831  987.813
1.59474e-05 0.144029 553463  986.291
1.59737e-05 0.144036 553886  984.772
1.6e-05 0.144043 554099  986.055
1.60263e-05 0.14405 554097  989.809
1.60526e-05 0.144058 553885  993.437
1.60789e-05 0.144065 553468  996.938
1.61053e-05 0.144073 552855  1000.31
1.61316e-05 0.144081 552051  1003.56
1.61579e-05 0.144089 551066  1006.68
1.61842e-05 0.144097 549909  1009.67
1.62105e-05 0.144105 548592  1012.54
1.62368e-05 0.144113 547126  1015.29
1.62632e-05 0.144122 545523  1017.92
1.62895e-05 0.144131 543795  1020.43
1.63158e-05 0.144139 541952  1022.82
1.63421e-05 0.144148 540005  1025.1
1.63684e-05 0.144157 537963  1027.27
1.63947e-05 0.144167 535835  1029.33
1.64211e-05 0.144176 533629  1031.28
1.64474e-05 0.144185 531354  1033.13
1.64737e-05 0.144195 529017  1034.88
1.65e-05 0.144205 526629  1036.53
1.65263e-05 0.144215 524201  1038.08
1.65526e-05 0.144225 521740  1039.54
1.65789e-05 0.144235 519252  1040.91
1.66053e-05 0.144245 516743  1042.19
1.66316e-05 0.144255 514217  1043.39
1.66579e-05 0.144266 511677  1044.51
1.66842e-05 0.144276 509127  1045.55
1.67105e-05 0.144287 506568  1046.5
1.67368e-05 0.144298 504003  1047.38
1.67632e-05 0.144309 501432  1048.17
1.67895e-05 0.14432 498857  1048.89
1.68158e-05 0.144331 496279  1049.53
1.68421e-05 0.144342 493698  1050.1
1.68684e-05 0.144354 491113  1050.58
1.68947e-05 0.144365 488526  1050.99
1.69211e-05 0.144377 485936  1051.32
1.69474e-05 0.144388 483342  1051.55
1.69737e-05 0.1444 480745  1051.69
1.7e-05 0.144412 478143  1051.73
1.70263e-05 0.144423 475536  1051.67
1.70526e-05 0.144435 472923  1051.51
1.70789e-05 0.144447 470305  1051.25
1.71053e-05 0.144459 467680  1050.86
1.71316e-05 0.144472 465049  1050.37
1.71579e-05 0.144484 462410  1049.78
1.71842e-05 0.144496 459764  1049.12
1.72105e-05 0.144508 457107  1048.38
1.72368e-05 0.144521 454441  1047.57
1.72632e-05 0.144533 451762  1046.68
1.72895e-05 0.144546 449071  1045.72
1.73158e-05 0.144558 446366  1044.69
1.73421e-05 0.144571 443647  1043.59
1.73684e-05 0.144584 440914  1042.43
1.73947e-05 0.144596 438165  1041.16
1.74211e-05 0.144609 435403  1039.8
1.74474e-05 0.144622 432626  1038.38
1.74737e-05 0.144635 429835  1036.91
1.75e-05 0.144648 427031  1035.41
1.75263e-05 0.144661 424214  1033.86
1.75526e-05 0.144673 421386  1032.29
1.75789e-05 0.144686 418547  1030.69
1.76053e-05 0.144699 415698  1029.07
1.76316e-05 0.144712 412840  1027.43
1.76579e-05 0.144725 409974  1025.75
1.76842e-05 0.144738 407101  1024.05
1.77105e-05 0.144751 404220  1022.33
1.77368e-05 0.144764 401357  1020.59
1.77632e-05 0.144777 398513  1018.82
1.77895e-05 0.14479 395688  1017.03
1.78158e-05 0.144803 392882  1015.22
1.78421e-05 0.144816 390093  1013.56
1.78684e-05 0.144829 387323  1012.07
1.78947e-05 0.144842 384569  1010.53
1.79211e-05 0.144855 381832  1008.95
1.79474e-05 0.144867 379112  1007.54
1.79737e-05 0.14488 376408  1007.13
1.8e-05 0.144893 373722  1006.69
1.80263e-05 0.144906 371053  1006.23
1.80526e-05 0.144919 368403  1005.74
1.80789e-05 0.144931 366224  1005.22
1.81053e-05 0.144944 364361  1004.67
1.81316e-05 0.144957 362518  1004.08
1.81579e-05 0.144969 360688  1003.47
1.81842e-05 0.144982 358867  1002.82
1.82105e-05 0.144994 357060  1002.15
1.82368e-05 0.145007 355272  1001.45
1.82632e-05 0.145019 353501  1000.73
1.82895e-05 0.145031 351748  999.982
1.83158e-05 0.145043 350012  999.213
1.83421e-05 0.145056 348292  998.421
1.83684e-05 0.145068 346587  997.588
1.83947e-05 0.14508 344898  996.716
1.84211e-05 0.145092 343223  995.805
1.84474e-05 0.145104 342042  994.859
1.84737e-05 0.145115 341313  993.88
1.85e-05 0.145127 340554  992.871
1.85263e-05 0.145139 339764  991.834
1.85526e-05 0.14515 338945  990.765
1.85789e-05 0.145162 338096  989.664
1.86053e-05 0.145173 337221  988.535
1.86316e-05 0.145184 336320  987.378
1.86579e-05 0.145196 335393  986.196
1.86842e-05 0.145207 334442  984.991
1.87105e-05 0.145218 333465  983.762
1.87368e-05 0.145229 332461  982.511
1.87632e-05 0.14524 331432  981.239
1.87895e-05 0.14525 330377  979.949
1.88158e-05 0.145261 329296  978.643
1.88421e-05 0.145272 328191  977.323
1.88684e-05 0.145282 327061  975.988
1.88947e-05 0.145292 325909  974.64
1.89211e-05 0.145303 324733  973.281
1.89474e-05 0.145313 323536  971.912
1.89737e-05 0.145323 322320  970.535
1.9e-05 0.145333 321086  969.151
1.90263e-05 0.145343 319837  967.761
1.90526e-05 0.145352 318572  966.367
1.90789e-05 0.145362 317294  964.968
1.91053e-05 0.145372 316003  963.609
1.91316e-05 0.145381 314704  962.628
1.91579e-05 0.14539 313397  961.625
1.91842e-05 0.1454 312081  960.972
1.92105e-05 0.145409 310754  960.326
1.92368e-05 0.145418 309424  959.666
1.92632e-05 0.145427 308089  958.991
1.92895e-05 0.145435 307693  958.302
1.93158e-05 0.145444 308005  957.6
1.93421e-05 0.145453 308271  956.884
1.93684e-05 0.145461 308491  956.155
1.93947e-05 0.14547 308666  955.413
1.94211e-05 0.145478 308794  954.658
1.94474e-05 0.145486 309054  953.89
1.94737e-05 0.145494 309421  953.11
1.95e-05 0.145502 309743  952.32
1.95263e-05 0.14551 310019  951.52
1.95526e-05 0.145518 310249  950.708
1.95789e-05 0.145525 310434  949.986
1.96053e-05 0.145533 310575  949.498
1.96316e-05 0.145541 310672  948.993
1.96579e-05 0.145548 310724  948.465
1.96842e-05 0.145555 310733  947.91
1.97105e-05 0.145562 310698  947.325
1.97368e-05 0.145569 310620  946.708
1.97632e-05 0.145576 310499  946.058
1.97895e-05 0.145583 310337  945.373
1.98158e-05 0.14559 310134  944.653
1.98421e-05 0.145597 309891  943.903
1.98684e-05 0.145603 309609  943.126
1.98947e-05 0.14561 309288  942.322
1.99211e-05 0.145616 308929  941.601
1.99474e-05 0.145623 308533  940.861
1.99737e-05 0.145629 308101  940.098
2e-05 0.145635 307634  939.314
2.00263e-05 0.145641 307131  938.509
2.00526e-05 0.145647 306594  937.684
2.00789e-05 0.145653 306024  936.841
2.01053e-05 0.145658 305422  935.982
2.01316e-05 0.145664 304790  935.106
2.01579e-05 0.14567 304128  934.328
2.01842e-05 0.145675 303439  933.823
2.02105e-05 0.145681 302723  933.301
2.02368e-05 0.145686 301981  932.761
2.02632e-05 0.145691 301216  932.203
2.02895e-05 0.145697 300413  931.632
2.03158e-05 0.145702 299570  931.045
2.03421e-05 0.145707 298699  930.449
2.03684e-05 0.145712 297807  929.917
2.03947e-05 0.145717 296897  929.375
2.04211e-05 0.145721 295973  928.825
2.04474e-05 0.145726 295178  928.265
2.04737e-05 0.145731 294798  928.97
2.05e-05 0.145736 294394  929.995
2.05263e-05 0.14574 293967  930.961
2.05526e-05 0.145745 293518  931.872
2.05789e-05 0.145749 293048  932.727
2.06053e-05 0.145753 292558  933.53
2.06316e-05 0.145758 292045  934.282
2.06579e-05 0.145762 291511  934.983
2.06842e-05 0.145766 290955  935.635
2.07105e-05 0.14577 290377  936.241
2.07368e-05 0.145774 289776  936.8
2.07632e-05 0.145779 289202  937.314
2.07895e-05 0.145783 288793  937.784
2.08158e-05 0.145787 288360  938.211
2.08421e-05 0.14579 287903  938.596
2.08684e-05 0.145794 287422  938.94
2.08947e-05 0.145798 286917  939.243
2.09211e-05 0.145802 286389  939.506
2.09474e-05 0.145806 285839  939.729
2.09737e-05 0.145809 285266  940.058
2.1e-05 0.145813 284672  942.382
2.10263e-05 0.145817 284056  944.687
2.10526e-05 0.14582 283419  946.968
2.10789e-05 0.145824 282761  949.223
2.11053e-05 0.145828 283589  951.449
2.11316e-05 0.145831 285030  953.645
2.11579e-05 0.145835 286431  955.807
2.11842e-05 0.145838 287794  957.968
2.12105e-05 0.145842 289116  960.27
2.12368e-05 0.145845 290396  962.874
2.12632e-05 0.145848 291635  965.457
2.12895e-05 0.145852 292831  968.014
2.13158e-05 0.145855 293985  970.539
2.13421e-05 0.145859 295095  973.029
2.13684e-05 0.145862 296161  975.478
2.13947e-05 0.145865 297184  977.882
2.14211e-05 0.145869 298151  980.234
2.14474e-05 0.145872 299066  982.53
2.14737e-05 0.145875 299935  984.765
2.15e-05 0.145879 300763  986.927
2.15263e-05 0.145882 301551  989.008
2.15526e-05 0.145885 302299  991.002
2.15789e-05 0.145888 303003  992.91
2.16053e-05 0.145892 303664  994.731
2.16316e-05 0.145895 304282  996.466
2.16579e-05 0.145898 304859  998.113
2.16842e-05 0.145901 305393  999.674
2.17105e-05 0.145905 305887  1001.15
2.17368e-05 0.145908 306343  1002.54
2.17632e-05 0.145911 306761  1003.85
2.17895e-05 0.145914 307140  1005.08
2.18158e-05 0.145918 307482  1006.22
2.18421e-05 0.145921 307787  1007.29
2.18684e-05 0.145924 308054  1008.28
2.18947e-05 0.145927 308284  1009.2
2.19211e-05 0.145931 308478  1010.04
2.19474e-05 0.145934 308634  1011.12
2.19737e-05 0.145937 308755  1012.13
2.2e-05 0.14594 308838  1013.07
2.20263e-05 0.145944 308886  1013.94
2.20526e-05 0.145947 308897  1014.73
2.20789e-05 0.14595 308874  1015.49
2.21053e-05 0.145953 308815  1016.22
2.21316e-05 0.145957 308721  1016.91
2.21579e-05 0.14596 308589  1017.57
2.21842e-05 0.145963 308420  1018.2
2.22105e-05 0.145967 308215  1018.8
2.22368e-05 0.14597 307977  1019.37
2.22632e-05 0.145973 307706  1019.9
2.22895e-05 0.145977 307404  1020.41
2.23158e-05 0.14598 307067  1021
2.23421e-05 0.145983 306708  1021.57
2.23684e-05 0.145987 306330  1022.11
2.23947e-05 0.14599 305931  1022.64
2.24211e-05 0.145994 305509  1024.33
2.24474e-05 0.145997 305065  1025.97
2.24737e-05 0.146 304599  1027.55
2.25e-05 0.146004 304112  1029.08
2.25263e-05 0.146007 303604  1030.56
2.25526e-05 0.146011 303075  1032.06
2.25789e-05 0.146014 302619  1033.49
2.26053e-05 0.146018 302146  1034.84
2.26316e-05 0.146021 301651  1036.11
2.26579e-05 0.146025 301133  1037.31
2.26842e-05 0.146029 300592  1038.43
2.27105e-05 0.146032 300029  1039.53
2.27368e-05 0.146036 299444  1040.63
2.27632e-05 0.14604 298835  1041.68
2.27895e-05 0.146043 298204  1042.69
2.28158e-05 0.146047 297550  1043.65
2.28421e-05 0.146051 296873  1044.57
2.28684e-05 0.146055 296173  1045.46
2.28947e-05 0.146059 295450  1046.3
2.29211e-05 0.146062 294705  1047.11
2.29474e-05 0.146066 293937  1047.88
2.29737e-05 0.14607 293148  1048.61
2.3e-05 0.146074 292337  1049.3
2.30263e-05 0.146078 291506  1049.96
2.30526e-05 0.146082 290657  1050.59
2.30789e-05 0.146086 289792  1051.18
2.31053e-05 0.146091 288913  1051.74
2.31316e-05 0.146095 288021  1052.27
2.31579e-05 0.146099 287116  1052.77
2.31842e-05 0.146103 286197  1053.24
2.32105e-05 0.146108 285266  1053.67
2.32368e-05 0.146112 284323  1054.08
2.32632e-05 0.146116 283368  1054.47
2.32895e-05 0.146121 282402  1054.82
2.33158e-05 0.146125 281428  1055.14
2.33421e-05 0.14613 280445  1055.44
2.33684e-05 0.146135 279454  1055.71
2.33947e-05 0.146139 278455  1055.95
2.34211e-05 0.146144 277448  1056.16
2.34474e-05 0.146149 276435  1056.33
2.34737e-05 0.146154 275414  1056.48
2.35e-05 0.146159 274386  1056.59
2.35263e-05 0.146163 273352  1056.67
2.35526e-05 0.146169 272312  1056.72
2.35789e-05 0.146174 271265  1056.73
2.36053e-05 0.146179 270213  1056.7
2.36316e-05 0.146184 269155  1056.64
2.36579e-05 0.146189 268091  1056.55
2.36842e-05 0.146195 267021  1056.41
2.37105e-05 0.1462 265945  1056.25
2.37368e-05 0.146206 264865  1056.05
2.37632e-05 0.146211 263780  1055.82
2.37895e-05 0.146217 263441  1055.56
2.38158e-05 0.146223 263502  1055.27
2.38421e-05 0.146229 263542  1054.95
2.38684e-05 0.146234 263562  1054.6
2.38947e-05 0.14624 263563  1054.23
2.39211e-05 0.146246 263544  1053.83
2.39474e-05 0.146253 264170  1053.42
2.39737e-05 0.146259 264956  1052.98
2.4e-05 0.146265 265688  1052.52
2.40263e-05 0.146271 266364  1052.04
2.40526e-05 0.146278 266986  1051.55
2.40789e-05 0.146284 267554  1051.04
2.41053e-05 0.146291 268065  1050.52
2.41316e-05 0.146298 268498  1049.99
2.41579e-05 0.146305 268867  1049.45
2.41842e-05 0.146311 269179  1048.9
2.42105e-05 0.146318 269606  1048.35
2.42368e-05 0.146325 270242  1047.79
2.42632e-05 0.146333 270831  1047.23
2.42895e-05 0.14634 271372  1046.67
2.43158e-05 0.146347 271865  1046.1
2.43421e-05 0.146354 272312  1045.57
2.43684e-05 0.146362 272712  1045.03
2.43947e-05 0.146369 273076  1044.49
2.44211e-05 0.146377 273407  1043.95
2.44474e-05 0.146385 273705  1043.4
2.44737e-05 0.146393 273969  1042.84
2.45e-05 0.146401 274297  1042.28
2.45263e-05 0.146408 274793  1041.71
2.45526e-05 0.146417 275226  1041.13
2.45789e-05 0.146425 275599  1040.54
2.46053e-05 0.146433 275913  1039.94
2.46316e-05 0.146441 276170  1039.33
2.46579e-05 0.14645 276372  1038.71
2.46842e-05 0.146458 276520  1038.07
2.47105e-05 0.146467 276616  1037.42
2.47368e-05 0.146475 276661  1036.76
2.47632e-05 0.146484 276658  1036.08
2.47895e-05 0.146493 276606  1035.39
2.48158e-05 0.146501 276510  1034.68
2.48421e-05 0.14651 276382  1033.96
2.48684e-05 0.146519 276220  1033.22
2.48947e-05 0.146528 276026  1032.46
2.49211e-05 0.146537 275801  1031.69
2.49474e-05 0.146547 275546  1030.9
2.49737e-05 0.146556 275258  1030.1
2.5e-05 0.146565 274936  1029.28
2.50263e-05 0.146575 274581  1028.44
2.50526e-05 0.146584 274191  1027.75
2.50789e-05 0.146593 273765  1027.25
2.51053e-05 0.146603 273304  1026.73
2.51316e-05 0.146613 272808  1026.19
2.51579e-05 0.146622 272279  1025.64
2.51842e-05 0.146632 271719  1025.06
2.52105e-05 0.146642 271129  1024.47
2.52368e-05 0.146652 270880  1023.85
2.52632e-05 0.146661 272000  1023.22
2.52895e-05 0.146671 273825  1022.57
2.53158e-05 0.146681 275614  1021.9
2.53421e-05 0.146691 277367  1021.22
2.53684e-05 0.146701 279084  1020.52
2.53947e-05 0.146711 280765  1019.8
2.54211e-05 0.146721 282408  1019.07
2.54474e-05 0.146732 284013  1018.32
2.54737e-05 0.146742 285578  1017.55
2.55e-05 0.146752 287102  1016.77
2.55263e-05 0.146762 288585  1015.98
2.55526e-05 0.146772 290026  1015.17
2.55789e-05 0.146783 291424  1014.35
2.56053e-05 0.146793 292779  1013.52
2.56316e-05 0.146803 294090  1012.67
2.56579e-05 0.146814 295357  1011.81
2.56842e-05 0.146824 296579  1010.93
2.57105e-05 0.146834 297757  1010.05
2.57368e-05 0.146845 298890  1009.15
2.57632e-05 0.146855 299978  1008.24
2.57895e-05 0.146866 301022  1007.32
2.58158e-05 0.146876 302012  1006.39
2.58421e-05 0.146886 302948  1005.45
2.58684e-05 0.146897 303833  1004.5
2.58947e-05 0.146907 304669  1003.54
2.59211e-05 0.146918 305457  1002.57
2.59474e-05 0.146928 306200  1001.59
2.59737e-05 0.146938 306900  1000.61
2.6e-05 0.146949 307557  999.612
2.60263e-05 0.146959 308173  998.608
2.60526e-05 0.14697 308749  997.596
2.60789e-05 0.14698 309287  996.577
2.61053e-05 0.146991 309783  995.551
2.61316e-05 0.147001 310239  994.518
2.61579e-05 0.147011 310654  993.479
2.61842e-05 0.147022 311032  992.434
2.62105e-05 0.147032 311373  991.383
2.62368e-05 0.147042 311677  990.388
2.62632e-05 0.147053 311946  989.441
2.62895e-05 0.147063 312178  988.477
2.63158e-05 0.147073 312375  987.494
2.63421e-05 0.147084 312537  986.493
2.63684e-05 0.147094 312665  985.474
2.63947e-05 0.147104 312758  984.488
2.64211e-05 0.147114 312819  983.673
2.64474e-05 0.147124 312846  982.862
2.64737e-05 0.147134 312841  982.054
2.65e-05 0.147145 312804  981.248
2.65263e-05 0.147155 312736  980.444
2.65526e-05 0.147165 312636  979.641
2.65789e-05 0.147175 312507  978.839
2.66053e-05 0.147185 312351  978.038
2.66316e-05 0.147195 312166  977.237
2.66579e-05 0.147205 311955  976.437
2.66842e-05 0.147215 311715  975.638
2.67105e-05 0.147224 311447  974.841
2.67368e-05 0.147234 311150  974.044
2.67632e-05 0.147244 310833  973.248
2.67895e-05 0.147254 310563  972.453
2.68158e-05 0.147264 310265  971.659
2.68421e-05 0.147273 309941  970.867
2.68684e-05 0.147283 309591  970.075
2.68947e-05 0.147293 309213  969.347
2.69211e-05 0.147302 308809  968.759
2.69474e-05 0.147312 308379  968.173
2.69737e-05 0.147321 307922  967.584
2.7e-05 0.147331 307439  966.992
2.70263e-05 0.14734 306930  966.397
2.70526e-05 0.14735 306396  965.801
2.70789e-05 0.147359 305836  965.202
2.71053e-05 0.147368 305251  964.6
2.71316e-05 0.147377 304642  963.996
2.71579e-05 0.147387 304009  963.389
2.71842e-05 0.147396 303352  962.779
2.72105e-05 0.147405 302675  962.166
2.72368e-05 0.147414 301978  961.55
2.72632e-05 0.147423 301259  960.93
2.72895e-05 0.147432 300516  960.306
2.73158e-05 0.147441 299751  959.678
2.73421e-05 0.14745 298964  959.045
2.73684e-05 0.147459 298155  958.408
2.73947e-05 0.147467 297326  957.766
2.74211e-05 0.147476 296477  957.118
2.74474e-05 0.147485 295608  956.465
2.74737e-05 0.147493 294720  955.807
2.75e-05 0.147502 293815  955.143
2.75263e-05 0.147511 292891  954.473
2.75526e-05 0.147519 291952  953.798
2.75789e-05 0.147527 290996  953.117
2.76053e-05 0.147536 290026  952.429
2.76316e-05 0.147544 289042  951.737
2.76579e-05 0.147552 288044  951.038
2.76842e-05 0.147561 287031  950.334
2.77105e-05 0.147569 285993  949.623
2.77368e-05 0.147577 284931  948.908
2.77632e-05 0.147585 283845  948.187
2.77895e-05 0.147593 282739  947.461
2.78158e-05 0.147601 281613  946.73
2.78421e-05 0.147609 280469  945.994
2.78684e-05 0.147616 279308  945.254
2.78947e-05 0.147624 278131  944.511
2.79211e-05 0.147632 276940  943.764
2.79474e-05 0.147639 277164  943.014
2.79737e-05 0.147647 278674  942.262
2.8e-05 0.147655 280144  941.507
2.80263e-05 0.147662 281567  940.751
2.80526e-05 0.147669 282942  939.994
2.80789e-05 0.147677 284266  939.236
2.81053e-05 0.147684 285539  938.479
2.81316e-05 0.147691 286758  937.722
2.81579e-05 0.147698 287921  936.967
2.81842e-05 0.147705 289028  936.229
2.82105e-05 0.147713 290076  935.942
2.82368e-05 0.14772 291067  935.625
2.82632e-05 0.147726 292000  935.278
2.82895e-05 0.147733 292877  935.096
2.83158e-05 0.14774 293697  934.921
2.83421e-05 0.147747 294461  934.731
2.83684e-05 0.147753 295168  934.524
2.83947e-05 0.14776 295823  934.3
2.84211e-05 0.147767 296429  934.054
2.84474e-05 0.147773 296985  933.785
2.84737e-05 0.147779 297494  933.489
2.85e-05 0.147786 297955  933.166
2.85263e-05 0.147792 298368  932.816
2.85526e-05 0.147798 298734  932.437
2.85789e-05 0.147805 299054  932.027
2.86053e-05 0.147811 299327  931.588
2.86316e-05 0.147817 299553  931.119
2.86579e-05 0.147823 300326  930.621
2.86842e-05 0.147829 301169  930.096
2.87105e-05 0.147834 301951  929.545
2.87368e-05 0.14784 302670  928.968
2.87632e-05 0.147846 303326  928.37
2.87895e-05 0.147851 303918  927.753
2.88158e-05 0.147857 304445  927.12
2.88421e-05 0.147863 304908  926.473
2.88684e-05 0.147868 305307  925.814
2.88947e-05 0.147873 305640  925.266
2.89211e-05 0.147879 305908  924.757
2.89474e-05 0.147884 306110  924.231
2.89737e-05 0.147889 306248  923.687
2.9e-05 0.147894 306320  923.129
2.90263e-05 0.147899 306326  922.556
2.90526e-05 0.147904 306267  921.971
2.90789e-05 0.147909 306142  921.375
2.91053e-05 0.147914 305950  920.768
2.91316e-05 0.147919 305690  920.151
2.91579e-05 0.147924 305359  919.688
2.91842e-05 0.147928 304963  919.293
2.92105e-05 0.147933 304519  918.887
2.92368e-05 0.147937 304026  918.468
2.92632e-05 0.147942 303480  918.034
2.92895e-05 0.147946 302867  917.586
2.93158e-05 0.147951 302227  917.124
2.93421e-05 0.147955 301567  916.649
2.93684e-05 0.147959 300889  916.161
2.93947e-05 0.147963 300193  915.661
2.94211e-05 0.147968 299819  915.149
2.94474e-05 0.147972 299892  914.627
2.94737e-05 0.147976 299915  914.096
2.95e-05 0.14798 299891  913.555
2.95263e-05 0.147983 299822  913.006
2.95526e-05 0.147987 299708  912.45
2.95789e-05 0.147991 299551  911.918
2.96053e-05 0.147995 299351  911.44
2.96316e-05 0.147998 299103  910.955
2.96579e-05 0.148002 298808  910.462
2.96842e-05 0.148005 298419  909.961
2.97105e-05 0.148009 297961  909.453
